DATE|Actual Value|Prediction Value
20161108|2.2986919400239646e-05|3.1225193611656214e-05
20161109|0.0003240577785568249|3.214255963414669e-05
20161110|2.623555954154874e-05|6.601210637374212e-05
20161111|4.041418831207608e-05|5.1052553787256725e-05
20161114|3.416228038688167e-05|4.7369738121596064e-05
20161115|2.6936070508123792e-05|4.479953103057958e-05
20161116|2.646145019923078e-05|3.93065702454258e-05
20161117|2.8081531263939634e-05|3.554372226355391e-05
20161118|2.339420415115225e-05|4.803600973354383e-05
20161121|1.8594316154522902e-05|3.196491793518899e-05
20161122|1.9361102663275823e-05|2.9725614624035986e-05
20161123|2.5867159912907482e-05|2.60395089933201e-05
20161124|3.936651277191978e-05|2.7785073846997072e-05
20161125|2.2142335414070547e-05|3.0092805035807625e-05
20161128|4.26758787104466e-05|3.1452216303731216e-05
20161129|3.125858554524064e-05|3.0352998817340492e-05
20161130|3.3087357845215025e-05|3.0809151277366315e-05
20161201|1.9486083491060947e-05|3.0429268569232693e-05
20161202|2.8267877575090426e-05|3.022739607323934e-05
20161205|2.3592890939390247e-05|3.4030471689983064e-05
20161206|2.2153433778089504e-05|2.9935455795768648e-05
20161207|1.7233423370575928e-05|2.7937713193218296e-05
20161208|5.5250376753287484e-05|2.772783691326923e-05
20161209|1.871896764315012e-05|2.6589622880338717e-05
20161212|1.9638703524290023e-05|2.948056357971308e-05
20161213|2.109201380202123e-05|2.6676038242062705e-05
20161214|1.5369904941274163e-05|2.7380524698896035e-05
20161215|2.4641753982342286e-05|2.800696827395358e-05
20161216|2.5858091239180133e-05|2.7837297624475685e-05
20161219|1.7011046148027447e-05|2.8318805903085723e-05
20161220|1.4472818753606403e-05|2.7889461089905145e-05
20161221|2.0016413217227375e-05|2.5248849671105744e-05
20161222|1.594000415453889e-05|2.5886747336978735e-05
20161223|2.457001741091602e-05|2.5473570490081172e-05
20161226|1.4900661477915528e-05|2.6031157566142187e-05
20161227|1.013363359594119e-05|2.4835255119152375e-05
20161228|2.603873660040136e-05|2.3117793109984618e-05
20161229|2.286119386373198e-05|2.6693193537394014e-05
20170102|2.547719196431521e-05|2.666622937255999e-05
20170103|1.6151647215224914e-05|2.6888396826595493e-05
20170104|1.3477165114879172e-05|2.504067908652815e-05
20170105|1.6584415007014457e-05|2.383677243959592e-05
20170106|9.039090716932699e-06|2.5483960330200547e-05
20170109|2.2499520633766248e-05|2.218357623294561e-05
20170110|1.6146638278638233e-05|2.340901579379673e-05
20170111|2.603417200415853e-05|2.34253676323518e-05
20170112|2.8099510330917515e-05|2.4919239247138414e-05
20170113|1.7296979115341466e-05|2.4915279898026768e-05
20170116|4.87561974565703e-05|2.4474328525491563e-05
20170117|3.0850000013405114e-05|2.893011790913105e-05
20170118|4.092133828994922e-05|2.7581592523067485e-05
20170119|3.7266968009235424e-05|3.2934618904703616e-05
20170120|2.3017501460006176e-05|3.0906696084787716e-05
20170123|4.3464570309902794e-05|2.8699052710546713e-05
20170124|2.6558582549943887e-05|2.98885010369448e-05
20170125|2.8040648504681544e-05|2.9107076222917468e-05
20170126|3.136138991242159e-05|2.8614783062880666e-05
20170131|2.315529275196695e-05|2.8631532684592722e-05
20170201|1.7707250137293536e-05|2.8785558515850003e-05
20170202|2.3081619467760973e-05|2.678237810216576e-05
20170203|2.1705294556801727e-05|2.7503797380451114e-05
20170206|2.8218159144981688e-05|2.6778708949943307e-05
20170207|2.30304247656821e-05|2.7504077632394775e-05
20170208|3.048447452238337e-05|2.740074683100788e-05
20170209|2.922771115052253e-05|2.8470304750463448e-05
20170210|3.1681608564104875e-05|2.7352320621653987e-05
20170213|1.8845551177335252e-05|2.7788554147978622e-05
20170214|2.4518045741679207e-05|2.5909858640146243e-05
20170215|2.321180670126131e-05|2.7409135143983035e-05
20170216|2.0840617274457813e-05|2.8704942989247413e-05
20170217|2.3112755131190188e-05|2.7352192939796055e-05
20170220|1.7550033122851175e-05|2.8116033813349086e-05
20170221|2.3235682740622413e-05|2.531675779641338e-05
20170222|1.7450015713905228e-05|2.5640253542401353e-05
20170223|1.4952356566371972e-05|2.539055084191712e-05
20170224|2.3651860454431076e-05|2.4686547205425297e-05
20170227|2.8627925529777966e-05|2.630002330509837e-05
20170228|1.7206484534445604e-05|2.687958462444661e-05
20170302|3.0062121150083974e-05|2.5426008995499295e-05
20170303|2.8269452843284193e-05|2.6511174555526254e-05
20170306|2.457344222300784e-05|2.8279992885296663e-05
20170307|1.991366978636954e-05|2.6672651006102885e-05
20170308|2.0836300963027915e-05|2.6014478210933037e-05
20170309|1.5934546222699264e-05|2.666358295272451e-05
20170310|6.523767495008565e-05|2.5541982911877363e-05
20170313|1.731347688000199e-05|2.9236350363229375e-05
20170314|2.6321731093966116e-05|2.579081184408586e-05
20170315|1.5272268637762462e-05|2.6792523701156744e-05
20170316|2.826148955342445e-05|2.657443340096487e-05
20170317|1.8254183830700484e-05|2.676230499163422e-05
20170320|1.1381389339898807e-05|2.553827195967357e-05
20170321|2.5122569405115e-05|2.4456899583464365e-05
20170322|2.227077326554725e-05|2.7179285994797497e-05
20170323|2.2192548926937214e-05|2.7541650434338936e-05
20170324|2.9117031942343196e-05|2.6232165594988296e-05
20170327|2.5129828091079313e-05|2.799528272976268e-05
20170328|1.2724397241379833e-05|2.7975824908527898e-05
20170329|1.7388677577439754e-05|2.3997077321665774e-05
20170330|2.066274109598996e-05|2.538297563074184e-05
20170331|2.685541399223877e-05|2.640447148762287e-05
20170403|1.6251494555807542e-05|2.6211625388285893e-05
20170404|1.4343369797201182e-05|2.587503906004028e-05
20170405|2.2617775151479517e-05|2.5188903273455988e-05
20170406|2.2236338127664094e-05|2.6846966577822515e-05
20170407|2.5359312687590232e-05|2.6338732776631973e-05
20170410|2.2774905408632578e-05|2.623373025379928e-05
20170411|1.963666116359944e-05|2.800454518320606e-05
20170412|1.299645119904339e-05|2.7071439514619444e-05
20170413|1.742117483360411e-05|2.490715529433189e-05
20170414|1.6877716386093938e-05|2.4178898666913025e-05
20170417|2.1912733770212258e-05|2.5571711299327662e-05
20170418|1.911569991393418e-05|2.4366853715018553e-05
20170419|2.7861036779759498e-05|2.3868628177018092e-05
20170420|2.3744796538097828e-05|2.5166439998704534e-05
20170421|1.9323589613549978e-05|2.492441981822466e-05
20170424|1.6674568164084316e-05|2.4033945734394665e-05
20170425|1.9321989044760672e-05|2.4349505321399308e-05
20170426|1.3950674142812144e-05|2.282380099406753e-05
20170427|3.6964495166612093e-05|2.2858361701294245e-05
20170428|3.358902526282132e-05|2.6906752478388023e-05
20170502|3.08384109566058e-05|3.118548677849267e-05
20170504|1.834801729763211e-05|2.6015863861017124e-05
20170508|3.555779722485563e-05|2.5505520041506786e-05
20170510|0.00017672001982996485|2.6123669601098317e-05
20170511|5.932825839259856e-05|3.232484253748892e-05
20170512|3.129265153854424e-05|3.541858437562392e-05
20170515|4.1956432532354445e-05|3.406536470334933e-05
20170516|4.46231081565217e-05|3.1941516079094605e-05
20170517|3.7233918088337776e-05|3.301867993039933e-05
20170518|3.3397034992810514e-05|3.199128343635546e-05
20170519|2.4704859933705857e-05|3.1574991308706854e-05
20170522|3.059526396236591e-05|3.041848911177166e-05
20170523|3.575093031100169e-05|2.808068928249353e-05
20170524|1.5854269587586898e-05|2.796638447255199e-05
20170525|3.089912545376765e-05|2.761083249581269e-05
20170526|3.658750820464689e-05|2.7019280626815822e-05
20170529|3.38826036343902e-05|2.721063699977577e-05
20170530|4.821127082881553e-05|2.726855489022268e-05
20170531|3.4284690578225774e-05|3.200479006790342e-05
20170601|4.396965621117874e-05|3.1515706864908904e-05
20170602|2.5871337169959355e-05|3.232724782164809e-05
20170605|2.36929685039385e-05|2.8032735560198226e-05
20170607|2.0783560476911956e-05|2.89490245311546e-05
20170608|2.6399644952351768e-05|2.9301984985613183e-05
20170609|2.1516128631610858e-05|2.7926059318047917e-05
20170612|2.3782698751877737e-05|2.7167282265536973e-05
20170613|1.7577523431631844e-05|2.8458012872891722e-05
20170614|2.198410192143986e-05|2.575055582162791e-05
20170615|3.0412678080270457e-05|2.7334422543790057e-05
20170616|2.935383992964212e-05|2.8777827563794557e-05
20170619|2.16214220303454e-05|2.667869393604081e-05
20170620|2.1483400798791217e-05|2.6816342337201212e-05
20170621|3.640803123230607e-05|2.747531268608018e-05
20170622|2.1905670876406993e-05|3.156403766389983e-05
20170623|2.2890111583418015e-05|2.6241808600136462e-05
20170626|2.2679133664296744e-05|2.6215535546925687e-05
20170627|1.9468050912523316e-05|2.6806590977796743e-05
20170628|1.5257100258552203e-05|2.7726400271677994e-05
20170629|1.8206908741617307e-05|2.4956507609750074e-05
20170630|1.9353211543852974e-05|2.500976942117242e-05
20170703|1.8286316352171006e-05|2.3946108597778005e-05
20170704|2.8629288078935974e-05|2.322666662128468e-05
20170705|1.9972398149984063e-05|2.5444170193977606e-05
20170706|1.629903961442649e-05|2.4007306761015016e-05
20170707|1.7887356543404972e-05|2.3663675934706495e-05
20170710|1.996437835764244e-05|2.3202956053863812e-05
20170711|1.558488462878012e-05|2.2950177292857616e-05
20170712|1.8640836055876115e-05|2.213635450918156e-05
20170713|3.385306884474885e-05|2.212540638342365e-05
20170714|1.712580370963057e-05|2.233435190090434e-05
20170717|1.6285840860251576e-05|2.2856824720489186e-05
20170718|1.2075791930901595e-05|2.215346522982751e-05
20170719|2.3286859499382484e-05|2.1047134902996147e-05
20170720|1.139904543649249e-05|2.0888256008104917e-05
20170721|1.635142418292707e-05|1.9725214227096134e-05
20170724|1.537043681638048e-05|2.0621301128559145e-05
20170725|1.8249555573647676e-05|2.0852083407432558e-05
20170726|3.133428135912315e-05|2.0606680062952023e-05
20170727|3.16981044496488e-05|2.8041243318080004e-05
20170728|4.738290755936541e-05|2.5677181138269435e-05
20170731|3.704184324135498e-05|4.27249161932687e-05
20170801|3.949934113702031e-05|3.203550412886745e-05
20170802|2.1620742927549544e-05|2.912097235154781e-05
20170803|8.36556863277127e-05|2.761416774802228e-05
20170804|4.688391526871524e-05|3.760322537284021e-05
20170807|3.189217095568346e-05|3.609561087206655e-05
20170808|5.140508494808038e-05|3.587254405480239e-05
20170809|3.3090157532767426e-05|3.419321405516112e-05
20170810|5.367452612691155e-05|3.573148372256383e-05
20170811|8.45379815726481e-05|3.786779130445893e-05
20170814|3.860452172637075e-05|3.976463066128378e-05
20170816|2.3731441646243824e-05|4.0306761499975595e-05
20170817|2.2797264069526034e-05|3.6273681599662057e-05
20170818|2.283784987134402e-05|3.232700038439942e-05
20170821|1.5812849248582296e-05|2.8850200606844047e-05
20170822|2.4575531270385382e-05|2.6941503415088517e-05
20170823|1.7925483127713398e-05|2.468209121952939e-05
20170824|1.6055991701508854e-05|2.4679231583063034e-05
20170825|3.214737569058808e-05|2.3388225732500028e-05
20170828|2.463124959628909e-05|2.44012769494646e-05
20170829|4.6721089115347265e-05|2.5996592228876636e-05
20170830|1.3428958303735677e-05|2.7845667149409517e-05
20170831|2.106507053103638e-05|2.6215668759337047e-05
20170901|2.2946070125220606e-05|2.4724069790063013e-05
20170904|4.9088872209111706e-05|2.5460016992922752e-05
20170905|2.5350251585066195e-05|3.176530309691281e-05
20170906|1.7828231082300067e-05|3.004215761211903e-05
20170907|2.0348491161068393e-05|2.6681151480564472e-05
20170908|1.603546531624013e-05|2.428323717164039e-05
20170911|2.5643278496495923e-05|2.4113268981898025e-05
20170912|1.9460028534115263e-05|2.4799938970157697e-05
20170913|2.80299268997152e-05|2.3306264195426343e-05
20170914|3.3074133847359976e-05|2.5679586271297652e-05
20170915|2.4093732506766673e-05|2.5022150706719455e-05
20170918|1.8804442823712342e-05|2.5663786254707786e-05
20170919|2.416882723647554e-05|2.3882661904947464e-05
20170920|4.2225549402763114e-05|2.5366228886703936e-05
20170921|2.5402958983454684e-05|2.900840075274455e-05
20170922|4.324061518811335e-05|2.7951705941299057e-05
20170925|2.3170889323268968e-05|3.7575367129377e-05
20170926|3.414402116787848e-05|3.169595295836525e-05
20170927|2.913277710939694e-05|3.3855470323227616e-05
20170928|3.6275698571062915e-05|2.9601131032933774e-05
20170929|2.357111389179589e-05|2.8814495130105677e-05
20171010|2.4984062267911703e-05|2.7424290316522294e-05
20171011|2.231816972844582e-05|2.727440363767098e-05
20171012|2.705666659031282e-05|2.5476562086539624e-05
20171013|2.6347388823401495e-05|2.5734286887689408e-05
20171016|2.8214048231708423e-05|3.053390044641665e-05
20171017|2.7326022822531336e-05|2.6799182885206008e-05
20171018|2.9407550565618833e-05|2.62053196288978e-05
20171019|3.148993613233079e-05|2.9070092034512564e-05
20171020|2.752627482093991e-05|3.045745774171461e-05
20171023|2.8433888950156338e-05|2.7574302876562535e-05
20171024|1.860343108238309e-05|2.753239411552758e-05
20171025|3.291504500325217e-05|2.59925784860964e-05
20171026|2.875720691022064e-05|2.614525803340049e-05
20171027|2.7452370196992558e-05|2.9175964913745657e-05
20171030|2.3300953728151596e-05|2.606443929497574e-05
20171031|2.7893646781814588e-05|2.614936842842479e-05
20171101|3.229092822661061e-05|2.5598194908997665e-05
20171102|2.8928424357139406e-05|2.6536420144111367e-05
20171103|3.535901450870026e-05|2.802690499059154e-05
20171106|4.180675558164308e-05|3.0044490750036368e-05
20171107|5.435815525771247e-05|3.7760659033971524e-05
20171108|3.8907910078658246e-05|3.707236616260674e-05
20171109|3.965745106761158e-05|3.27628926690388e-05
20171110|3.357166348262418e-05|3.322313848432909e-05
20171113|3.157635227656023e-05|3.283347857609907e-05
20171114|3.088801597458587e-05|3.1993939421902095e-05
20171115|4.159303418601221e-05|3.226308352566207e-05
20171116|2.121127861791821e-05|3.4577715889674856e-05
20171117|4.537456454332539e-05|2.9534434744995875e-05
20171120|2.9032588708464013e-05|3.017892573879656e-05
20171121|2.8671553829640603e-05|3.15243116629076e-05
20171122|2.7151875121452753e-05|3.091445280341017e-05
20171123|1.9038216320391358e-05|2.897728026385627e-05
20171124|1.565425168453791e-05|2.648037675448572e-05
20171127|4.821332957465208e-05|2.4632533382847124e-05
20171128|5.3427592537084355e-05|3.5570941114087776e-05
20171129|3.070180751366091e-05|3.4327539778163856e-05
20171130|5.905281389532432e-05|3.895270410575149e-05
20171201|4.364775927947251e-05|3.55254398222793e-05
20171204|5.2913803663923374e-05|3.8384340287011084e-05
20171205|3.590156012019317e-05|3.811856609698758e-05
20171206|4.052293647870451e-05|3.860759126871489e-05
20171207|5.005102632089416e-05|4.404155757338713e-05
20171208|3.211182414246631e-05|3.6628221005459236e-05
20171211|3.38726789816438e-05|3.699086075097253e-05
20171212|2.7000458344916345e-05|3.428126889089391e-05
20171213|3.459872820804528e-05|3.2096153548444995e-05
20171214|0.0001494133464539192|2.9976913220150886e-05
20171215|3.539754782746221e-05|3.4530309681153886e-05
20171218|2.3952530784437934e-05|3.852453821150152e-05
20171219|3.17257876125977e-05|3.4275398727078664e-05
20171220|2.5079174269740418e-05|3.392093666754517e-05
20171221|5.275386186879129e-05|3.4147514400671944e-05
20171222|3.241679763694079e-05|3.4598067889698064e-05
20171226|4.08440203794573e-05|3.5778021030263416e-05
20171227|4.1167615797272895e-05|3.576005725258977e-05
20171228|2.8408246844863685e-05|3.557068886978796e-05
20180102|2.463399012085429e-05|3.365055871896863e-05
20180103|3.15806255934764e-05|3.2167957894967196e-05
20180104|4.3227474767920186e-05|3.126250463697636e-05
20180105|2.2747025617001492e-05|3.822166962190145e-05
20180108|4.627806691224846e-05|3.177188553005436e-05
20180109|3.908180705899773e-05|3.533282614642428e-05
20180110|4.220913176088774e-05|3.525248745570098e-05
20180111|5.9433528520534234e-05|3.8454487644869175e-05
20180112|5.030305510006298e-05|3.856708018154097e-05
20180115|4.136327746811809e-05|3.94939906317789e-05
20180116|2.6587677872907222e-05|4.04083887711884e-05
20180117|3.543799102632478e-05|3.7861369594536476e-05
20180118|3.7726123314288994e-05|4.235582489452394e-05
20180119|2.6864961030411462e-05|3.508156992101831e-05
20180122|5.371366409530436e-05|3.439483632276279e-05
20180123|3.4439136518069486e-05|3.613834022283096e-05
20180124|3.171389372352374e-05|3.502469507763918e-05
20180125|2.614439620377495e-05|4.0846326738392915e-05
20180126|2.4933034993618327e-05|3.4906534416970855e-05
20180129|2.3584433071665622e-05|3.335079374716306e-05
20180130|3.1513681899581575e-05|2.9136148097784592e-05
20180131|0.00010194454612133481|3.068040125580507e-05
20180201|4.7693804080806636e-05|4.147341371637533e-05
20180202|5.0657120178828e-05|4.6891704350833696e-05
20180205|9.633219393937641e-05|5.048507980336081e-05
20180206|0.00019192045226073618|7.874804159868756e-05
20180207|0.00012141788152940734|0.00011538058450604339
20180208|0.00023080103209659517|0.00011195828168778837
20180209|0.00012203289276641803|0.0001078099098836875
20180212|6.25457155046689e-05|0.00010418540213975695
20180213|7.567360626818219e-05|7.698534967920479e-05
20180214|5.5170762891571444e-05|7.130242989651468e-05
20180219|6.626557313151438e-05|6.386582858962562e-05
20180220|4.543421023259477e-05|5.90911254040146e-05
20180221|7.135232350650878e-05|5.520085485728481e-05
20180222|5.084406478213264e-05|5.287702423855892e-05
20180223|3.60367174443334e-05|5.280403300770528e-05
20180226|3.203077092136534e-05|4.538169801416874e-05
20180227|4.633181907278903e-05|4.134012655519452e-05
20180228|5.672956997629169e-05|3.978496535617859e-05
20180302|5.470525670680177e-05|4.308915501221606e-05
20180305|6.537975816411909e-05|5.014407480130252e-05
20180306|3.98874278908542e-05|5.317595460696548e-05
20180307|7.081965815417312e-05|4.284526904125913e-05
20180308|6.779401057971515e-05|5.8830414802038195e-05
20180309|7.567197886338228e-05|5.3987429616648405e-05
20180312|4.231166570890375e-05|5.197682247488913e-05
20180313|3.300496145551714e-05|4.8624805167737666e-05
20180314|3.635847430182082e-05|4.1267431838220615e-05
20180315|3.7970128507059985e-05|3.928211381161983e-05
20180316|4.463467249350604e-05|3.857488682247848e-05
20180319|5.2572354218941224e-05|3.820293929155815e-05
20180320|3.775596345426681e-05|4.2458218032345954e-05
20180321|2.4937472888500214e-05|3.7698675343463366e-05
20180322|4.6877653467838704e-05|3.6310882751585184e-05
20180323|7.032386892926582e-05|4.707747127225456e-05
20180326|8.233761486332319e-05|6.31655724340611e-05
20180327|4.098368062593864e-05|4.73826443876746e-05
20180328|6.606637157531898e-05|4.8568808132364724e-05
20180329|4.702090001340852e-05|5.796492629125205e-05
20180330|3.718420302070075e-05|4.68604914479624e-05
20180402|3.1531313130625636e-05|3.9885345385729906e-05
20180403|4.9087801344934324e-05|4.21174295950701e-05
20180404|4.4417289924222595e-05|4.281008708978664e-05
20180405|4.862449428278705e-05|5.443125738067785e-05
20180406|5.766809687927773e-05|5.197855508757289e-05
20180409|3.811723375387525e-05|5.4684762342006776e-05
20180410|5.796400217238263e-05|4.825086211302387e-05
20180411|4.078019926861248e-05|4.5154669349979775e-05
20180412|3.895012048955403e-05|4.6413933494114816e-05
20180413|2.8539621622793522e-05|3.994808874448414e-05
20180416|2.188494359243145e-05|3.605654382573798e-05
20180417|2.4802157408793235e-05|3.414420043960868e-05
20180418|2.583749778035437e-05|2.875497858983105e-05
20180419|1.9731874355032053e-05|2.7521086296091573e-05
20180420|2.5920100309121357e-05|2.8651536932384588e-05
20180423|4.846972886187446e-05|2.8433706158460513e-05
20180424|4.4978633738330926e-05|3.928995674164523e-05
20180425|3.69728821917871e-05|4.505097398909745e-05
20180426|4.2204040467096496e-05|3.71671038835018e-05
20180427|5.8071485455203e-05|3.781095503264756e-05
20180430|1.0063144236542349e-05|4.291253394322989e-05
20180502|1.0565605334215031e-05|3.427172604838935e-05
20180503|9.216301213255572e-06|2.5407165212761836e-05
20180504|8.583227851301274e-05|2.740272813409463e-05
20180508|5.0183276864001686e-05|4.14563863407538e-05
20180509|6.170044665683742e-05|3.954730305914017e-05
20180510|4.154271146289328e-05|4.4830532801754135e-05
20180511|3.0127152105285122e-05|3.908320840272362e-05
20180514|2.4119981113000766e-05|3.594498973397035e-05
20180515|2.7021960486275334e-05|3.551839081066316e-05
20180516|2.950904858166256e-05|3.3745787960710524e-05
20180517|2.9580205924030586e-05|3.351858819100562e-05
20180518|2.3906613017070202e-05|3.2681164999242196e-05
20180521|3.5770054457599046e-05|3.027321365589559e-05
20180523|4.219750586507079e-05|3.12070680895607e-05
20180524|3.350787628866348e-05|3.393671048760751e-05
20180525|3.799246624574039e-05|3.684069139001916e-05
20180528|3.21019164368322e-05|3.5717828424678496e-05
20180529|3.371379706673532e-05|3.184921918802747e-05
20180530|7.769662592922496e-05|3.9993449603863086e-05
20180531|4.786154719075064e-05|5.0623503604371434e-05
20180601|4.556085344133742e-05|4.076126714967609e-05
20180604|3.61049121950198e-05|4.017468662161262e-05
20180605|5.0992817532175416e-05|3.8430163147051325e-05
20180607|2.3247182006407964e-05|3.947496323903347e-05
20180608|2.35807324444521e-05|3.6788720539775144e-05
20180611|3.63289764521789e-05|3.349678966539944e-05
20180612|3.9879874117836764e-05|3.485968608428872e-05
20180614|3.130406571242027e-05|3.363684964959939e-05
20180615|2.661674522668517e-05|3.9897327249781155e-05
20180618|5.703866072011147e-05|3.209273688391642e-05
20180619|6.708815125374043e-05|4.213691848958158e-05
20180620|6.121913335511593e-05|6.600062853956807e-05
20180621|5.298140899082095e-05|4.587394657149313e-05
20180622|7.79151960982166e-05|5.5699858764931206e-05
20180625|6.524380427394205e-05|5.375499775787313e-05
20180626|7.843447904917556e-05|5.090060592124633e-05
20180627|5.4341479593230825e-05|5.070332108931764e-05
20180628|7.105050669707782e-05|5.888702711248014e-05
20180629|7.082484786163432e-05|5.622975903317189e-05
20180702|7.101800087923869e-05|5.467345233567057e-05
20180703|8.771259048100389e-05|6.201854837225978e-05
20180704|6.731737593217544e-05|6.572516428016319e-05
20180705|8.303515142578038e-05|6.064411731470524e-05
20180706|9.547136506879434e-05|6.65718590738029e-05
20180709|6.586811745983084e-05|6.970377663731387e-05
20180710|3.2135298424835594e-05|5.843698902625618e-05
20180711|5.596899399542903e-05|4.9772557269093444e-05
20180712|3.7133500446592354e-05|5.0705333791764665e-05
20180713|4.1927994014299284e-05|4.321687964358974e-05
20180716|3.5518805759656535e-05|4.193572458723576e-05
20180717|5.016642224153527e-05|4.08761314053647e-05
20180718|3.785842846030715e-05|4.1948367044325515e-05
20180719|3.332295139412925e-05|4.0300424152389064e-05
20180720|6.121728797518061e-05|3.976655572138274e-05
20180723|6.271484065597153e-05|4.688332203416489e-05
20180724|4.005922851481347e-05|5.842025679640535e-05
20180725|3.872303281801815e-05|4.875228080728442e-05
20180726|4.815754606682801e-05|4.103705783476488e-05
20180727|2.249949659102309e-05|4.072774068560223e-05
20180730|3.5215107692576185e-05|3.660144141276813e-05
20180731|3.2699030554618555e-05|3.7364184881707196e-05
20180801|2.7286475155752773e-05|3.816066174016272e-05
20180802|3.887445752573344e-05|3.36517488413042e-05
20180803|2.624953126389207e-05|3.7684409603676024e-05
20180806|3.2267928818957796e-05|3.404362363119424e-05
20180807|2.9064909893596816e-05|3.1837089520681965e-05
20180808|2.119691746103688e-05|3.291629406992726e-05
20180809|3.69537155298998e-05|3.240682675354462e-05
20180810|4.650340621037168e-05|3.2841927628993665e-05
20180813|5.382298843191313e-05|3.717051044765463e-05
20180814|3.3259512643200894e-05|4.1238629601301704e-05
20180816|8.068919002726195e-05|3.832660771624453e-05
20180817|1.7495428639663607e-05|4.3266188868892025e-05
20180820|3.789145618000557e-05|3.927959408785981e-05
20180821|3.7033708136210304e-05|3.776614060601712e-05
20180822|3.5476085378382794e-05|3.616812056128956e-05
20180823|1.8107665827101856e-05|3.771490736092338e-05
20180824|2.9089758442725564e-05|3.273202042322028e-05
20180827|1.889541457241268e-05|3.310651234253827e-05
20180828|2.8348583927677004e-05|3.0303722653700712e-05
20180829|2.1739033353293007e-05|3.080959556143332e-05
20180830|2.8572045224161774e-05|2.9070847910118106e-05
20180831|4.87930784031091e-05|2.7608419531846794e-05
20180903|3.260362288948588e-05|3.1143758218122785e-05
20180904|2.4830960724257995e-05|3.8874980407264664e-05
20180905|2.8175542157906904e-05|3.25325869285471e-05
20180906|3.6274910533249844e-05|4.232938039338094e-05
20180907|4.595192590212764e-05|3.729953606971955e-05
20180910|2.427751916547963e-05|4.150137114551396e-05
20180911|3.3369567835138995e-05|3.2905334745129386e-05
20180912|2.508181776276543e-05|3.327153520707988e-05
20180913|2.3299865923537124e-05|3.362946085471016e-05
20180914|2.9231039137732967e-05|3.174111969941872e-05
20180917|1.893472952560222e-05|3.130223924147814e-05
20180918|3.3969099780612646e-05|3.138839446765108e-05
20180919|2.1980167863950895e-05|3.109247409679235e-05
20180920|3.109370996035936e-05|3.0573198565825546e-05
20180921|3.7620840065182485e-05|3.0646453059579894e-05
20180927|3.52715999675471e-05|3.0912452623839645e-05
20180928|2.666977364328259e-05|3.271572204585131e-05
20181001|3.0306085002939208e-05|3.0585206617752014e-05
20181002|2.782251437139825e-05|3.877236404143826e-05
20181004|4.3597533757291075e-05|3.361595446699923e-05
20181005|7.07891306542336e-05|5.046991725521366e-05
20181008|4.2455567592537796e-05|3.6033686858487755e-05
20181010|6.475100153078496e-05|4.369695506811422e-05
20181011|0.00011155300877056554|4.113449822760269e-05
20181012|9.132898727208231e-05|6.457268613109553e-05
20181015|8.442470644263875e-05|6.379123341859734e-05
20181016|6.0368644040085004e-05|6.991795889578969e-05
20181017|5.450112211751887e-05|5.501580757146537e-05
20181018|5.335316578345339e-05|5.44590702637375e-05
20181019|7.662709812375573e-05|5.600746179639524e-05
20181022|5.4310096921082976e-05|5.9001528911312615e-05
20181023|8.445234125985871e-05|5.678645778251534e-05
20181024|0.00010826979538233583|6.171033409129353e-05
20181025|0.00017396917880506147|7.523113077901099e-05
20181026|0.00019328010046934833|6.902990492382109e-05
20181029|0.00018971389238311946|0.00012621010823829075
20181030|0.00016487410037394594|0.0001528167338875619
20181031|0.00011765037793108819|0.00010855946238910483
20181101|0.00010707428053428113|9.89934706553627e-05
20181102|6.79428928312522e-05|0.00012298735528486904
20181105|0.00010826631197666557|8.420735039944403e-05
20181106|8.174818087512998e-05|7.744832012054851e-05
20181107|0.00010516314853920165|7.82573234069232e-05
20181108|5.7826782105024493e-05|8.449439605562476e-05
20181109|7.09875998680102e-05|6.822175309290067e-05
20181112|4.3066778543406675e-05|7.624483204533722e-05
20181113|8.753702120176244e-05|6.196922420748259e-05
20181114|6.369193232910106e-05|7.401696539161083e-05
20181115|8.636301944052947e-05|6.420509151507125e-05
20181116|4.818786875309406e-05|7.089850808710903e-05
20181119|6.357210970217467e-05|5.450894323142572e-05
20181120|4.7738738687333845e-05|5.95626968705878e-05
20181121|5.600887036219601e-05|6.61926370949894e-05
20181122|3.242331420772972e-05|6.695061424138662e-05
20181123|4.5485632573988134e-05|5.0516531079989016e-05
20181126|5.165409789712493e-05|4.7880903953881104e-05
20181127|3.941791034139697e-05|4.9021824064234294e-05
20181128|2.4920777921664597e-05|4.6946053816243095e-05
20181129|4.5413278188457595e-05|4.224133359020991e-05
20181130|6.552831055318621e-05|4.187138352772448e-05
20181203|4.7957124528409735e-05|4.5700763212499004e-05
20181204|2.937176729460755e-05|4.587485532572995e-05
20181205|4.7265336347510115e-05|4.693650840452636e-05
20181206|3.8903266754036405e-05|5.337000749081808e-05
20181207|3.872711584446998e-05|5.1607336347887614e-05
20181210|4.93624347984699e-05|4.584168967819365e-05
20181211|3.908610525869867e-05|5.581049337135944e-05
20181212|5.347711216282383e-05|4.811182751499407e-05
20181213|5.2963924295505565e-05|4.3644408295557294e-05
20181214|5.2302838573509265e-05|4.49133872619622e-05
20181217|4.7215200152475175e-05|4.910917727502831e-05
20181218|3.95333159871225e-05|4.939245291174868e-05
20181219|2.6920520331752887e-05|4.781667337249469e-05
20181220|5.104254727663647e-05|4.54008467641271e-05
20181221|5.450949252173915e-05|5.154530285889175e-05
20181224|3.889479251644884e-05|5.0448800371796714e-05
20181226|5.57403970835186e-05|4.9166999376426906e-05
20181227|5.753855173761517e-05|5.082897611462302e-05
20181228|3.90745943569583e-05|5.011896660047078e-05
20190102|5.569302026665488e-05|5.362203222711267e-05
