DATE|Actual Value|Prediction Value
20161108|8.957134523951422e-05|3.096425915294095e-05
20161109|9.036117546109102e-05|3.0289866436929874e-05
20161110|3.08419097895722e-05|5.596865926603695e-05
20161111|3.121110413405035e-05|4.207957804234023e-05
20161114|2.7807107301865598e-05|4.381615526248539e-05
20161115|2.4693514455393825e-05|4.2653077945617e-05
20161116|2.3178520886424235e-05|3.8624142540753575e-05
20161117|2.305966282915959e-05|3.2920701472960884e-05
20161118|2.5316659130755604e-05|3.6517483681134745e-05
20161121|2.5066285383339258e-05|3.231544560967895e-05
20161122|2.9882597894524e-05|3.062275131357953e-05
20161123|3.226209447091699e-05|2.790687904633525e-05
20161124|3.3706134057378505e-05|2.9012882769102462e-05
20161125|2.9730048201206713e-05|3.249439672955698e-05
20161128|3.0955156633410714e-05|3.11932377337876e-05
20161129|2.7138559079199426e-05|3.443386172963382e-05
20161130|2.531752872576921e-05|3.3700105944314586e-05
20161201|2.2146741830841372e-05|3.294386754997386e-05
20161202|2.929960048328666e-05|3.074885069898964e-05
20161205|2.738981849689861e-05|3.314783728778896e-05
20161206|2.6598981013878556e-05|3.126653332195048e-05
20161207|2.6386697018664945e-05|2.8926823241111535e-05
20161208|2.6013993332804588e-05|2.7392712394502297e-05
20161209|1.9892268778615523e-05|2.6220047716737215e-05
20161212|2.1320093497821518e-05|2.674581971619038e-05
20161213|2.079456202256904e-05|2.621748568402827e-05
20161214|1.947072301288606e-05|2.6006925732486132e-05
20161215|2.0400024668076688e-05|2.501522068337045e-05
20161216|1.8659674702516007e-05|2.6335622250001516e-05
20161219|1.840205993686318e-05|2.7376098172235258e-05
20161220|1.797998300284082e-05|2.6472489191910846e-05
20161221|1.7112145971307783e-05|2.427380015153062e-05
20161222|1.831661064794258e-05|2.548667444679993e-05
20161223|1.9700848589781188e-05|2.4338550623813956e-05
20161226|1.9882283500461032e-05|2.542818246311321e-05
20161227|2.013248064792289e-05|2.373204475588009e-05
20161228|2.080118695171049e-05|2.1480886410634242e-05
20161229|1.8910322633033117e-05|2.6281235988402744e-05
20170102|1.6145902003673253e-05|2.4689291132044626e-05
20170103|1.555036773756347e-05|2.4560982432313848e-05
20170104|1.554936595024613e-05|2.289234642236862e-05
20170105|1.806076732810201e-05|2.2877043840335677e-05
20170106|2.0363786392882604e-05|2.4130825121041013e-05
20170109|2.2015364072564355e-05|1.9767788711882902e-05
20170110|2.726669943712515e-05|2.124322057995697e-05
20170111|3.0207371784078537e-05|2.099448016351129e-05
20170112|3.318480504123671e-05|2.4273969000275987e-05
20170113|3.501829657690024e-05|2.3144839240551976e-05
20170116|3.616240104583319e-05|2.3580716664763844e-05
20170117|3.510407561649968e-05|2.8090147478838925e-05
20170118|3.424579212380746e-05|2.6786939812074372e-05
20170119|3.1669654166753926e-05|2.8712889342125746e-05
20170120|3.0488538547391168e-05|2.8881838114413683e-05
20170123|3.0516096805783307e-05|2.8574604168678636e-05
20170124|2.5364632771261444e-05|2.9797891899816924e-05
20170125|2.466924015482487e-05|2.888521439738554e-05
20170126|2.340216936524893e-05|2.8429506697103033e-05
20170131|2.2773523211760914e-05|2.8366999983053183e-05
20170201|2.2748549614503967e-05|2.863502219378492e-05
20170202|2.530399449152194e-05|2.6052838965814437e-05
20170203|2.6533212828074258e-05|2.697291331624321e-05
20170206|2.852847562953485e-05|2.6353133129214416e-05
20170207|2.6653954036005565e-05|2.6747367082085838e-05
20170208|2.6951478231205023e-05|2.6629062678431393e-05
20170209|2.549694466698059e-05|2.7646056387559775e-05
20170210|2.381952589176765e-05|2.7823771918248276e-05
20170213|2.210575520518473e-05|2.7617543872322358e-05
20170214|2.184665159428789e-05|2.6505877720676604e-05
20170215|2.159017899407653e-05|2.7599570009157474e-05
20170216|2.0437820796605336e-05|2.668551804722373e-05
20170217|1.9260168654988154e-05|2.6733422537942165e-05
20170220|1.9367989719636347e-05|2.6913591034936624e-05
20170221|2.158356820102171e-05|2.600923806141474e-05
20170222|2.037772855978633e-05|2.607421975204614e-05
20170223|2.290014964702209e-05|2.582896571427519e-05
20170224|2.556356890240453e-05|2.484160250896042e-05
20170227|2.57478852561199e-05|2.6374457254703948e-05
20170228|2.400503410743821e-05|2.7285475095994667e-05
20170302|2.4730997393154658e-05|2.560615900169601e-05
20170303|2.1905482407677703e-05|2.6674031668636825e-05
20170306|2.9299126829038027e-05|2.832893664313008e-05
20170307|2.784713376043685e-05|2.7554381460837992e-05
20170308|2.912874602195615e-05|2.6757614536774304e-05
20170309|2.8015939556903062e-05|2.6688332416390447e-05
20170310|3.0481328223048097e-05|2.563167145606451e-05
20170313|2.1084629999171083e-05|3.0595389290556735e-05
20170314|1.9898212491150453e-05|2.6360162570288806e-05
20170315|1.9658380153380204e-05|2.7302732840049113e-05
20170316|2.1058081078937154e-05|2.640645416768354e-05
20170317|1.9844292953639718e-05|2.7121696421610064e-05
20170320|2.2016862575968274e-05|2.551731254535633e-05
20170321|2.4766550326204383e-05|2.4387027944006025e-05
20170322|2.2286915893457345e-05|2.579270093802739e-05
20170323|2.1310496755835825e-05|2.6118720989174965e-05
20170324|2.1004535189646395e-05|2.536636745215164e-05
20170327|2.0552211599625506e-05|2.777461417783729e-05
20170328|1.8776544892571152e-05|2.7451265578954494e-05
20170329|1.91003394037354e-05|2.5539983721968176e-05
20170330|2.0146158918543354e-05|2.584742792857491e-05
20170331|2.0460878324878188e-05|2.589254186947987e-05
20170403|2.0161658063948493e-05|2.689785351127702e-05
20170404|2.146634023451349e-05|2.4504144042345252e-05
20170405|2.2524998507793135e-05|2.4453019485457753e-05
20170406|2.0600733717305915e-05|2.539846592556653e-05
20170407|1.9637701058493913e-05|2.543188244867855e-05
20170410|1.7941381798194676e-05|2.486462524537373e-05
20170411|1.7768947470510597e-05|2.76434471644688e-05
20170412|1.7664755220577555e-05|2.5267231960468425e-05
20170413|2.0637672336720758e-05|2.358170320297957e-05
20170414|2.19023966776195e-05|2.3733620675557e-05
20170417|2.2391571323110735e-05|2.3675031647244713e-05
20170418|2.1343938201885134e-05|2.361927315227446e-05
20170419|2.1385196028050427e-05|2.3601221187330706e-05
20170420|1.860312350066095e-05|2.4820343956823963e-05
20170421|2.124706322636383e-05|2.4817425088795805e-05
20170424|2.4100150356218066e-05|2.4147766932143234e-05
20170425|2.693291891472237e-05|2.3827217882954213e-05
20170426|2.6738124565296666e-05|2.336441073353657e-05
20170427|3.1059549181705356e-05|2.272095389398409e-05
20170428|5.901065411437592e-05|2.5273182168295887e-05
20170502|6.415850074033133e-05|2.566803697002453e-05
20170504|6.424934885671907e-05|2.5789266687761772e-05
20170508|6.897103190366347e-05|2.492465204286789e-05
20170510|7.078409408999677e-05|2.582893055771295e-05
20170511|4.288687374167135e-05|3.175415806375474e-05
20170512|3.770062906171367e-05|3.286652672831553e-05
20170515|3.638307074074601e-05|3.204013172292152e-05
20170516|3.411083702674834e-05|3.1153152441337065e-05
20170517|3.233640145764432e-05|3.243607497790659e-05
20170518|2.8060471757494125e-05|3.251045055199373e-05
20170519|2.7560889849685576e-05|3.24471805594898e-05
20170522|2.993741950387374e-05|3.072465688492841e-05
20170523|3.059488743827862e-05|3.0530066666874374e-05
20170524|3.308695554184138e-05|3.110331684500842e-05
20170525|3.6773039739969184e-05|2.807870957566864e-05
20170526|3.938714589145135e-05|2.8728330246738515e-05
20170529|3.7243911684513855e-05|2.888085535082663e-05
20170530|3.520598465842353e-05|2.9252226742013088e-05
20170531|2.972044258804283e-05|3.3886258570479597e-05
20170601|2.8143433462868038e-05|3.051346009315385e-05
20170602|2.3652727946954465e-05|3.0673817162159075e-05
20170605|2.323500026333814e-05|2.984000422309334e-05
20170607|2.201191124887679e-05|2.9599433652313243e-05
20170608|2.2252019537782372e-05|2.9053142183994943e-05
20170609|2.305462616336613e-05|2.9276548234708237e-05
20170612|2.4622168422972352e-05|2.7881208551893616e-05
20170613|2.418991307866591e-05|2.8293368013719367e-05
20170614|2.4971088552097782e-05|2.6848845421206475e-05
20170615|2.7855874414271025e-05|2.7959008790224724e-05
20170616|2.615447297349831e-05|2.894052142931398e-05
20170619|2.486172730425349e-05|2.8408138868265865e-05
20170620|2.5073269631043772e-05|2.7879909843943522e-05
20170621|2.4670199653790194e-05|2.8364704733979833e-05
20170622|2.0440013459039416e-05|3.591993239336264e-05
20170623|1.9700261032081466e-05|2.7078754808635117e-05
20170626|1.8992881024168466e-05|2.6830050089282547e-05
20170627|1.811431756174332e-05|2.6069951212377708e-05
20170628|1.9946564995025854e-05|2.6806801957712203e-05
20170629|2.088962457331221e-05|2.503648802065784e-05
20170630|2.0508050747874057e-05|2.4859015040684444e-05
20170703|2.021487974778447e-05|2.4356540430742104e-05
20170704|2.0550492148878764e-05|2.340501411337957e-05
20170705|1.7941611458847598e-05|2.808845527719178e-05
20170706|1.7675299040025997e-05|2.3691964090865593e-05
20170707|2.1186104886090478e-05|2.350724155338757e-05
20170710|2.103379431933559e-05|2.365916879345349e-05
20170711|2.0298086819857423e-05|2.3509837798106025e-05
20170712|1.9596268280281715e-05|2.2710203419569794e-05
20170713|2.052547296898296e-05|2.271441784739568e-05
20170714|1.603466828733171e-05|2.298201298341373e-05
20170717|1.5879792381991007e-05|2.253893180038418e-05
20170718|1.5696711573216793e-05|2.2143167493724214e-05
20170719|1.6931464301766008e-05|2.0275783885039946e-05
20170720|1.8540948673714152e-05|2.1690638493226963e-05
20170721|2.2600760476345417e-05|1.9433059711538684e-05
20170724|2.8807057151633063e-05|2.0356701576701085e-05
20170725|3.314133843662798e-05|2.017446198680111e-05
20170726|3.739129554930249e-05|2.131154246185285e-05
20170727|3.5448587862987744e-05|2.63164633860953e-05
20170728|4.584010423860051e-05|2.6859611160187804e-05
20170731|4.574030578047053e-05|3.3764086765681666e-05
20170801|4.4710371323336185e-05|2.9732738142250098e-05
20170802|4.709152008554826e-05|2.7695864566801853e-05
20170803|4.9385403006591846e-05|2.688871067225584e-05
20170804|4.338917096643157e-05|3.3321190224724476e-05
20170807|5.091998422721816e-05|3.1704000891536756e-05
20170808|5.226245438135559e-05|3.11321983750043e-05
20170809|4.672772572098826e-05|3.1741133580390686e-05
20170810|4.466914702833997e-05|3.283083500469247e-05
20170811|3.8501811777226477e-05|3.848946192722802e-05
20170814|2.4756785312413346e-05|3.7215968605025195e-05
20170816|2.1950987221216262e-05|3.6013013526561e-05
20170817|2.0789795517510166e-05|3.4351105723427934e-05
20170818|1.9441541043906738e-05|3.101442619037437e-05
20170821|2.1303446207755538e-05|2.944715939551525e-05
20170822|2.306712627729693e-05|2.650712864862979e-05
20170823|2.7496237846289283e-05|2.5654042031555396e-05
20170824|2.6596932881493748e-05|2.5761050128061752e-05
20170825|2.759874864739926e-05|2.4142457543787055e-05
20170828|2.575848753432578e-05|2.5529235026655902e-05
20170829|3.0650012056890276e-05|2.614292952169921e-05
20170830|2.637584455083405e-05|2.892780828276707e-05
20170831|2.725569910654695e-05|2.6186803581944174e-05
20170901|2.7112383232553338e-05|2.686981665072834e-05
20170904|2.5730262270757235e-05|2.6510475736844228e-05
20170905|2.1041143528234112e-05|3.175637069184985e-05
20170906|1.986309891804392e-05|2.8277701023391602e-05
20170907|2.1903438081526916e-05|2.6846800290974454e-05
20170908|2.4448566618785248e-05|2.535858165279144e-05
20170911|2.6060220056890554e-05|2.4981545141894947e-05
20170912|2.469245292233383e-05|2.3943528868167295e-05
20170913|2.5634212662805896e-05|2.333370877301842e-05
20170914|2.8473337163415497e-05|2.735524764548764e-05
20170915|2.6939102190634427e-05|2.502693191509677e-05
20170918|3.0768478726903735e-05|2.520148834952511e-05
20170919|3.1641768026815076e-05|2.4110258882197083e-05
20170920|3.3636806813095684e-05|2.6165734768391077e-05
20170921|3.101825235442246e-05|3.051142360576445e-05
20170922|3.319280027194405e-05|2.735287624384768e-05
20170925|2.925890001268059e-05|3.084630245791747e-05
20170926|2.962153460160912e-05|3.084434757195708e-05
20170927|2.725636431372262e-05|2.955846083008774e-05
20170928|2.6841142209905763e-05|2.7449802868091692e-05
20170929|2.485548026037348e-05|2.7996854576899707e-05
20171010|2.578406712835602e-05|2.680383084148023e-05
20171011|2.6252459239279948e-05|2.6020851806867153e-05
20171012|2.7670335406714536e-05|2.5651401753930974e-05
20171013|2.855698931511812e-05|2.5927080762549932e-05
20171016|2.8792766514625804e-05|2.8970462685496343e-05
20171017|2.883673465831538e-05|2.6408803067341883e-05
20171018|2.709221631028577e-05|2.623389596698614e-05
20171019|2.779371519781241e-05|2.759941586924068e-05
20171020|2.724716935339041e-05|3.0270967797583067e-05
20171023|2.72323884286009e-05|2.644910704974912e-05
20171024|2.620580138419995e-05|2.6530769283068106e-05
20171025|2.8063844524086238e-05|2.550601079053233e-05
20171026|2.793902116875795e-05|2.6283100263728254e-05
20171027|2.7973264658141703e-05|2.977484719952378e-05
20171030|2.9554593520483265e-05|2.5955805346265307e-05
20171031|3.325575389118152e-05|2.600236398777935e-05
20171101|3.8548655586361095e-05|2.607829047280651e-05
20171102|3.987205195677061e-05|2.5954967025010038e-05
20171103|4.2017857298865064e-05|2.744368017703242e-05
20171106|4.1660387093649816e-05|2.8175866441146244e-05
20171107|3.961430643263328e-05|3.0662272087972553e-05
20171108|3.492027857600797e-05|3.125048859266945e-05
20171109|3.545730339747876e-05|3.236578264767281e-05
20171110|3.176806890754008e-05|3.299303053097678e-05
20171113|3.412864911968031e-05|3.288272712482144e-05
20171114|3.3619896406061085e-05|3.267225643868341e-05
20171115|3.317660397707206e-05|3.197192395959813e-05
20171116|3.028837216416012e-05|3.697982194857385e-05
20171117|2.9853759704654772e-05|2.9182543696308447e-05
20171120|2.3909697132897265e-05|3.0553651086758974e-05
20171121|2.7745845306134896e-05|3.0663444295774055e-05
20171122|3.269705304762364e-05|2.9765506886026083e-05
20171123|3.3407039526065276e-05|2.79519139459053e-05
20171124|4.140995904105185e-05|2.671138839386405e-05
20171127|4.7008660560038764e-05|2.3686375001952935e-05
20171128|4.794875537789303e-05|3.4388838280125826e-05
20171129|4.444354889451481e-05|3.1036732391929166e-05
20171130|4.640777468752352e-05|3.166175210526922e-05
20171201|4.460741717263746e-05|3.524808649745823e-05
20171204|4.2300230145236254e-05|3.5794523878883054e-05
20171205|3.849200520878031e-05|3.34732365459814e-05
20171206|3.6711784853724954e-05|3.473183521495979e-05
20171207|3.552694319959312e-05|3.605123479592446e-05
20171208|5.539940722619811e-05|3.5620319794116014e-05
20171211|5.605655196319735e-05|3.4191413618518774e-05
20171212|5.407252232375612e-05|3.264878352975699e-05
20171213|5.501758817729244e-05|3.1149902298191664e-05
20171214|5.3113677389631466e-05|3.0790085323726906e-05
20171215|3.3781780472605856e-05|3.2942229722543164e-05
20171218|3.318563043450158e-05|3.525618294793923e-05
20171219|3.656392835350542e-05|3.224244504446207e-05
20171220|3.8452293990440496e-05|3.221017949260451e-05
20171221|3.9118108505465166e-05|3.048280823268384e-05
20171222|3.349413415587775e-05|3.510559746120483e-05
20171226|3.332689974718487e-05|3.354393214495359e-05
20171227|3.380359062487741e-05|3.647600756967051e-05
20171228|3.011947258882316e-05|3.458836134935973e-05
20180102|3.369343660230013e-05|3.253286380432797e-05
20180103|3.658299998992882e-05|3.195684811252019e-05
20180104|3.870870122341106e-05|3.3069984176145614e-05
20180105|4.1949911973933885e-05|3.6007624793562925e-05
20180108|4.746111787054619e-05|3.195860136371724e-05
20180109|4.647815998172012e-05|3.406293213524368e-05
20180110|4.397933414450196e-05|3.751694723237881e-05
20180111|4.26251059975894e-05|3.782561338975842e-05
20180112|3.828362495634035e-05|4.0067610864045526e-05
20180115|3.359600614241005e-05|4.19507420346719e-05
20180116|3.6066083467847315e-05|4.128680588129378e-05
20180117|3.763637519687976e-05|3.767505722742821e-05
20180118|3.6891555736319515e-05|3.525970503093105e-05
20180119|3.45752103142167e-05|3.546564392461094e-05
20180122|3.4188825106858094e-05|3.40009328234664e-05
20180123|2.8162978902130337e-05|3.631282743482705e-05
20180124|2.7577887978432796e-05|3.6739353425943556e-05
20180125|4.162401845799503e-05|3.598270181202271e-05
20180126|4.59339000334013e-05|3.381602716082376e-05
20180129|5.107871707044325e-05|3.335348198384526e-05
20180130|6.562826924398541e-05|3.044423202958181e-05
20180131|9.770962331621637e-05|3.1707592884294265e-05
20180201|0.0001016042903978308|3.6713707525031e-05
20180202|0.00013822573600098866|4.023286204874652e-05
20180205|0.0001525008905185067|4.17023699009835e-05
20180206|0.00014574359483156523|4.316237427381593e-05
20180207|0.00012249422563305424|5.613673193331533e-05
20180208|0.00010924480190548705|7.616915974770249e-05
20180209|7.633771011247095e-05|7.718595066209389e-05
20180212|6.1017973605706305e-05|8.349359137557253e-05
20180213|6.277929520607427e-05|6.746458204014632e-05
20180214|5.781338690886436e-05|6.770833131550076e-05
20180219|5.398657781941676e-05|5.6770983165505985e-05
20180220|4.713961737738692e-05|5.561004098853999e-05
20180221|4.731913914542578e-05|4.898819024764202e-05
20180222|4.439458843938241e-05|5.0859041086048025e-05
20180223|4.516682682431625e-05|4.968393053548348e-05
20180226|5.103543496827333e-05|4.8958781262726436e-05
20180227|5.260676636217115e-05|4.508326291386711e-05
20180228|5.750433417844799e-05|4.595974392043425e-05
20180302|5.971722229913269e-05|4.793884362083877e-05
20180305|6.391056673044872e-05|5.080982880423227e-05
20180306|5.9296948239405646e-05|4.9905112999866846e-05
20180307|5.792045495233829e-05|4.790693929600732e-05
20180308|5.1028218181867775e-05|5.591542833864323e-05
20180309|4.506344176733679e-05|5.278373613999808e-05
20180312|3.885598049336151e-05|5.441444428114482e-05
20180313|4.090811819536904e-05|5.502771768361452e-05
20180314|4.185831859511898e-05|4.8907792132343434e-05
20180315|3.9574118312454815e-05|4.2213591258226445e-05
20180316|4.135562330461059e-05|4.296524683070753e-05
20180319|4.6493462591762513e-05|4.0647436042986026e-05
20180320|5.244651472063894e-05|4.393599617937774e-05
20180321|5.309205815497335e-05|3.917069611801294e-05
20180322|6.131783789233705e-05|3.769431054696444e-05
20180323|6.134648720145102e-05|4.8019423919684e-05
20180326|5.471855401973805e-05|5.9591526673088455e-05
20180327|4.455729367319849e-05|4.9685472412259366e-05
20180328|4.6178117816997685e-05|4.651611587391845e-05
20180329|4.184830148677836e-05|6.132112202084126e-05
20180330|4.216902034065412e-05|4.6137388838911904e-05
20180402|4.62657991123695e-05|4.4411431940340746e-05
20180403|4.758298323701939e-05|4.334276817535269e-05
20180404|4.935822340250905e-05|4.583524427418896e-05
20180405|4.863080527138703e-05|4.9407225133745925e-05
20180406|4.669593051274049e-05|4.441756494986135e-05
20180409|4.087023546144363e-05|5.295799545832911e-05
20180410|3.762377742915485e-05|4.486692575293025e-05
20180411|3.0991408476437e-05|4.854526800219673e-05
20180412|2.8002868178785326e-05|4.7058711564284677e-05
20180413|2.4159218951880972e-05|4.467157519631708e-05
20180416|2.36353146891465e-05|4.1623724469955555e-05
20180417|2.8952271743035117e-05|3.775428086336984e-05
20180418|3.2987567008942674e-05|3.500561692262597e-05
20180419|3.521464389122922e-05|3.4541006317135854e-05
20180420|3.9709077113642114e-05|3.561012730253736e-05
20180423|4.613935414285843e-05|3.530251151091432e-05
20180424|3.845803721779198e-05|3.8912868639931756e-05
20180425|3.157543153696879e-05|4.801871992690797e-05
20180426|2.602411534126252e-05|4.040679946197813e-05
20180427|3.474976295044577e-05|3.6719197074142384e-05
20180430|3.317212123220548e-05|4.140432374915714e-05
20180502|4.349958171626455e-05|3.268122372317549e-05
20180503|4.969500294200018e-05|3.040922517691951e-05
20180504|5.3877173120406065e-05|2.7783848902680885e-05
20180508|4.15347136404037e-05|4.104734837835205e-05
20180509|3.690245036485843e-05|4.2601248007521645e-05
20180510|3.0464170749823435e-05|4.4706223647190674e-05
20180511|2.8071669642050896e-05|4.137857589079852e-05
20180514|2.682756182440793e-05|3.985854780329137e-05
20180515|2.9157576493327592e-05|3.712655749869667e-05
20180516|3.219268556908668e-05|3.65105532145432e-05
20180517|3.2992451110486875e-05|3.515322256479888e-05
20180518|3.46749031748288e-05|3.478738263452009e-05
20180521|3.631396385878118e-05|3.232416633297612e-05
20180523|3.590271238060848e-05|3.4433872025394765e-05
20180524|4.3002536393439295e-05|3.4808586043071685e-05
20180525|4.587327057385671e-05|3.811638433928743e-05
20180528|4.738694801297615e-05|3.8451579924940875e-05
20180529|4.818754716461369e-05|3.602869234911032e-05
20180530|5.164335125770173e-05|4.259777597186095e-05
20180531|4.0753462473138284e-05|4.7814100718566686e-05
20180601|3.589729952387857e-05|4.4294430779406985e-05
20180604|3.405092412604686e-05|4.2884504468985965e-05
20180605|3.4805916510610294e-05|4.1552615094292535e-05
20180607|3.086816614665922e-05|4.018573054266913e-05
20180608|3.154207879071468e-05|3.658773449073128e-05
20180611|3.823366444584655e-05|3.602475952864196e-05
20180612|4.438549940615881e-05|3.384727039750366e-05
20180614|4.8653351253614726e-05|3.574532199426723e-05
20180615|5.2988819909294865e-05|4.011084520439713e-05
20180618|6.324851008360105e-05|3.447242372109095e-05
20180619|6.488953879436727e-05|4.305417303295194e-05
20180620|6.715880435345431e-05|5.2463785583732007e-05
20180621|6.578327360107721e-05|4.52217430485275e-05
20180622|6.939709314232865e-05|5.728082646288102e-05
20180625|6.797902349501214e-05|5.034482711552674e-05
20180626|6.91338628160715e-05|5.117029192906271e-05
20180627|7.098948510243707e-05|4.864156026296148e-05
20180628|7.358466437022598e-05|5.367260123975562e-05
20180629|7.598159331596655e-05|5.402747418338219e-05
20180702|8.091089675739859e-05|5.127042713224367e-05
20180703|7.9880920073517e-05|6.467446661590394e-05
20180704|6.876546166228339e-05|6.105230436426065e-05
20180705|6.649578527493409e-05|5.708234689844772e-05
20180706|5.731545507909645e-05|6.298892630208389e-05
20180709|4.6606780868197415e-05|6.571378425113453e-05
20180710|4.0536918528162594e-05|5.03917531767602e-05
20180711|4.4143143291502545e-05|4.712834685647086e-05
20180712|4.052103018447815e-05|5.228204660817912e-05
20180713|3.9758920373985495e-05|4.4974150226743067e-05
20180716|4.361677916616179e-05|4.255482070093646e-05
20180717|4.9055986145424763e-05|4.4859091496214134e-05
20180718|4.7034547400080394e-05|4.705860311765625e-05
20180719|4.7207468271622606e-05|4.289909745932333e-05
20180720|5.01743872061624e-05|4.2552619478807296e-05
20180723|4.243082892933083e-05|4.304739033559487e-05
20180724|3.693088233665176e-05|5.358831741929547e-05
20180725|3.545884274461278e-05|4.580585447029897e-05
20180726|3.317153121215973e-05|4.36852825342849e-05
20180727|3.131491350394079e-05|4.226065692442116e-05
20180730|3.206492043851463e-05|3.803680449549156e-05
20180731|3.1475484663790945e-05|3.7164393127278505e-05
20180801|3.074866053158658e-05|3.6395974160947364e-05
20180802|2.953074899264338e-05|3.451123394414265e-05
20180803|2.9146600593476646e-05|3.918830253219391e-05
20180806|3.319737558277259e-05|3.44863214957948e-05
20180807|3.750838750536364e-05|3.58644521195253e-05
20180808|3.834730805528451e-05|3.427658312065366e-05
20180809|5.02457625685295e-05|3.358356765457786e-05
20180810|4.635410519048225e-05|3.2299421344388345e-05
20180813|4.4631715184409036e-05|3.879301009088608e-05
20180814|4.1273859125268495e-05|4.525945946463994e-05
20180816|4.1717173672304864e-05|3.6994811980444814e-05
20180817|2.920086883227283e-05|4.689314792139893e-05
20180820|3.15197347928852e-05|3.8792208976333556e-05
20180821|2.7720526471366657e-05|3.730813310291735e-05
20180822|2.5983501629659972e-05|3.438024683644154e-05
20180823|2.323609122464201e-05|3.6503129110927244e-05
20180824|2.5328967104054014e-05|3.283249756475337e-05
20180827|2.9269631096130694e-05|3.2314746940022796e-05
20180828|3.201127275954537e-05|3.02256406397963e-05
20180829|3.1307748118861555e-05|3.119435316789114e-05
20180830|3.259504987978434e-05|2.855142552142581e-05
20180831|3.4135622941601986e-05|2.981877318227031e-05
20180903|3.356739244140565e-05|3.099406298893991e-05
20180904|3.190217169660443e-05|3.6937387955177006e-05
20180905|3.360989311878062e-05|3.19657791425131e-05
20180906|3.2991148239752304e-05|3.647063433813218e-05
20180907|3.0396139317809796e-05|3.600266677600763e-05
20180910|2.705196196493083e-05|3.951519545043612e-05
20180911|2.5983404036955336e-05|3.5223629684835616e-05
20180912|2.610331042605007e-05|3.7071752765067116e-05
20180913|2.548298044628718e-05|3.5585608526983224e-05
20180914|2.704174925365161e-05|3.284318660206377e-05
20180917|2.871970943914155e-05|2.8796920897830296e-05
20180918|3.1987083527530504e-05|3.0893469502228406e-05
20180919|3.052721830006452e-05|2.9967001654630608e-05
20180920|3.219240172786214e-05|2.9726781019951373e-05
20180921|3.153816261006995e-05|2.9981435958576967e-05
20180927|3.2505108115540996e-05|3.0471446498045487e-05
20180928|3.8400988428188586e-05|3.094493010585604e-05
20181001|5.1332831153948484e-05|3.2338909814542865e-05
20181002|6.215655544188843e-05|3.157814184502558e-05
20181004|6.662924846108251e-05|3.694705560519651e-05
20181005|7.617553916404076e-05|4.076744619396777e-05
20181008|6.866578137562578e-05|4.025516111339507e-05
20181010|7.107489228062195e-05|4.140201631788892e-05
20181011|8.043529372857808e-05|4.793327522896976e-05
20181012|6.879532513115561e-05|6.867025390617308e-05
20181015|6.585494730149035e-05|5.451128394182117e-05
20181016|5.9832025397179205e-05|6.537952111760335e-05
20181017|6.46487648411339e-05|5.322670608365783e-05
20181018|7.540249949409739e-05|4.6892518483454186e-05
20181019|9.952570209841892e-05|5.04713640693016e-05
20181022|0.00012285630256753742|6.156749285347007e-05
20181023|0.00014993706165994478|5.238917546953923e-05
20181024|0.0001565766689941907|6.917625915697792e-05
20181025|0.0001563375660245798|8.734058324431371e-05
20181026|0.00014319699265890047|7.828851031077593e-05
20181029|0.00012089060874005693|0.00010402511845360437
20181030|0.00011316159272944658|9.978714822534949e-05
20181031|0.00010398045997127334|9.78120168460797e-05
20181101|9.20157408060605e-05|8.305318723052715e-05
20181102|8.418946326545476e-05|9.507634424781874e-05
20181105|8.479840467280637e-05|5.466049310096655e-05
20181106|7.175849798615456e-05|7.237097342312719e-05
20181107|7.291626605148109e-05|6.50173391112846e-05
20181108|6.462202280946098e-05|6.905780282709723e-05
20181109|7.032927027656191e-05|6.245759247187443e-05
20181112|6.576932405357874e-05|7.945192943752371e-05
20181113|6.987039028533228e-05|6.230248965647707e-05
20181114|6.191073378244662e-05|7.418875864642609e-05
20181115|6.037412138906565e-05|6.430863102807754e-05
20181116|4.958618034250562e-05|6.165207517869022e-05
20181119|4.904573310668452e-05|5.726072021857673e-05
20181120|4.666213074567456e-05|5.937722360729221e-05
20181121|4.4997965076487146e-05|6.975022798412057e-05
20181122|3.878034658838087e-05|6.865627922520662e-05
20181123|4.1378339384526486e-05|5.941530133677987e-05
20181126|4.538687498036606e-05|5.984919612208331e-05
20181127|4.464748030662303e-05|5.280309911777104e-05
20181128|4.263825169726516e-05|4.7374450700698615e-05
20181129|4.7107163382434204e-05|4.377176507560632e-05
20181130|4.580516109554998e-05|4.888974625602495e-05
20181203|4.044492215380672e-05|5.161058732220319e-05
20181204|4.0725984207818774e-05|4.305936116129253e-05
20181205|4.266885180063698e-05|4.61673396654371e-05
20181206|4.391120696369975e-05|6.401646941296652e-05
20181207|4.557359364338749e-05|5.853756342271524e-05
20181210|4.5734833671918045e-05|4.928630604584933e-05
20181211|4.12464507785746e-05|6.008152486978925e-05
20181212|4.363773918216217e-05|5.15187792223903e-05
20181213|4.378715986807307e-05|4.704041492595264e-05
20181214|4.3402884464299274e-05|4.485850844583982e-05
20181217|4.384421525394519e-05|5.1218279920392634e-05
20181218|4.218013372673998e-05|4.794607862850966e-05
20181219|4.5421549946019155e-05|5.010753560109215e-05
20181220|5.154515622719167e-05|4.502000306660334e-05
20181221|4.9151565643256014e-05|5.5784741982368416e-05
20181224|4.9388271192239166e-05|5.538608532690723e-05
