DATE|Actual Value|Prediction Value
20161108|4.28215041671579e-05|3.295722227641831e-05
20161109|4.2779829886050394e-05|3.5482636665413264e-05
20161110|2.743861212673794e-05|4.208345858498207e-05
20161111|2.888935298732488e-05|3.1576234698901275e-05
20161114|2.780459195387857e-05|3.9553423114692445e-05
20161115|2.7078413110749023e-05|3.594922078307815e-05
20161116|2.6786210275443895e-05|3.2017561001664606e-05
20161117|2.6231633012546067e-05|3.283604546427363e-05
20161118|2.6059644148466174e-05|3.72728115618046e-05
20161121|2.6182838502867594e-05|3.939463535602015e-05
20161122|2.6103675002542793e-05|3.719744991509843e-05
20161123|2.585926080705932e-05|4.01164122380511e-05
20161124|2.556672347227532e-05|3.814100325607566e-05
20161125|2.43953980414063e-05|3.9975873648329864e-05
20161128|2.451678214124854e-05|3.9331332336861176e-05
20161129|2.3128021279622012e-05|4.2163319305217e-05
20161130|2.207177368215703e-05|4.30345510790933e-05
20161201|2.1719342619916338e-05|4.225339503068074e-05
20161202|2.1888098138549903e-05|4.047888662370947e-05
20161205|2.174856385801115e-05|4.175351362113557e-05
20161206|2.137650167180285e-05|4.1150064227279125e-05
20161207|2.0942688238642347e-05|4.326914408303818e-05
20161208|2.0910237820464258e-05|4.33988467157058e-05
20161209|1.859967351864654e-05|4.032354499887042e-05
20161212|1.878870116817733e-05|4.0208459528554625e-05
20161213|1.861409790589474e-05|4.2427711106346786e-05
20161214|1.8861205816001616e-05|3.44300014820741e-05
20161215|1.949768608548379e-05|3.900799022737236e-05
20161216|1.9130447342133735e-05|4.172254624886758e-05
20161219|2.0275352653003267e-05|4.1273619949082924e-05
20161220|2.096730034627213e-05|3.925014768440857e-05
20161221|2.228972632308927e-05|3.932010278475177e-05
20161222|2.3152254062689687e-05|3.7171842027192004e-05
20161223|2.350612892796306e-05|3.709128077979271e-05
20161226|2.4450856572912377e-05|3.814859869759197e-05
20161227|2.5033752626513804e-05|3.574712619157728e-05
20161228|2.5929103371950806e-05|3.36165258864883e-05
20161229|2.6195236037551835e-05|3.881544836141171e-05
20170102|2.6209940981963572e-05|3.854806173332749e-05
20170103|2.5821443890612485e-05|3.669072131589231e-05
20170104|2.6167942503239305e-05|3.70616320140422e-05
20170105|2.6579348975335423e-05|3.9224123694931884e-05
20170106|2.7161036182233767e-05|3.797514099006116e-05
20170109|2.786060288467124e-05|3.379641053412434e-05
20170110|2.825985057910208e-05|3.067459983767497e-05
20170111|2.8913904222696338e-05|3.0005578295270745e-05
20170112|2.9196276050693656e-05|3.052302419105086e-05
20170113|2.8733578093014543e-05|3.249041523648914e-05
20170116|2.9094631424331406e-05|3.3865953647622305e-05
20170117|2.7817411886565983e-05|3.583437158065764e-05
20170118|2.7316942749618586e-05|3.619013561486962e-05
20170119|2.6426513591680636e-05|3.524098118063526e-05
20170120|2.544066684736144e-05|3.428139805820792e-05
20170123|2.5451575911392263e-05|3.0293050190291928e-05
20170124|2.415084818159237e-05|3.299523232684666e-05
20170125|2.3570536882413777e-05|2.984029491806544e-05
20170126|2.3351097479901254e-05|3.060209771037222e-05
20170131|2.3214424260769093e-05|3.12494850142109e-05
20170201|2.2916983849893003e-05|3.227513810728041e-05
20170202|2.3534727400532513e-05|2.736506040445896e-05
20170203|2.3794119069308713e-05|2.925119723919845e-05
20170206|2.3937526452618998e-05|3.0295853692133363e-05
20170207|2.352230198468838e-05|3.302759132899687e-05
20170208|2.3412595794555668e-05|3.2710808170505774e-05
20170209|2.2685099379571457e-05|3.283722088513129e-05
20170210|2.448559756954964e-05|3.491598995804642e-05
20170213|2.3767190985344508e-05|3.073642028464949e-05
20170214|2.414099998117604e-05|2.8685532059755172e-05
20170215|2.3678711125980207e-05|2.9093158249030546e-05
20170216|2.3931195268588352e-05|2.95019208823392e-05
20170217|2.3801873596400465e-05|2.9044572531879404e-05
20170220|2.321530530683589e-05|3.084101909104163e-05
20170221|2.359393212094911e-05|2.965935324681712e-05
20170222|2.3545686647195343e-05|3.142888012901958e-05
20170223|2.3782813307846953e-05|2.9926149458163437e-05
20170224|2.4491047076645496e-05|2.985543177084389e-05
20170227|2.4564945458477937e-05|3.066099516647648e-05
20170228|2.3769769044057998e-05|3.2220359659350885e-05
20170302|2.3778878696207703e-05|3.209023124775063e-05
20170303|2.3308909693503e-05|3.299818729225105e-05
20170306|2.323820775095073e-05|3.457405774198415e-05
20170307|2.2822110367590727e-05|3.358788673102697e-05
20170308|2.2543595368132305e-05|3.2088532523177954e-05
20170309|2.2632669077554885e-05|3.0432522609930645e-05
20170310|2.294775867280315e-05|2.9119480307936727e-05
20170313|2.095384055967838e-05|3.774181651917741e-05
20170314|2.122691198610989e-05|3.056664385872808e-05
20170315|2.089265848959156e-05|3.091788710871546e-05
20170316|2.0778867617655614e-05|3.1954730591029914e-05
20170317|2.0236851881664586e-05|3.279099659316893e-05
20170320|2.016802850943426e-05|2.8137191977673076e-05
20170321|2.069459573094993e-05|2.636806837186536e-05
20170322|2.0394252256390894e-05|2.9109266455011313e-05
20170323|2.067376543210151e-05|2.9299893485032114e-05
20170324|2.0751377812659547e-05|2.7852620495872992e-05
20170327|2.0261705696219886e-05|2.8617625418915777e-05
20170328|1.9838942699870137e-05|3.499051645556933e-05
20170329|2.0168822290039185e-05|3.1648313188062086e-05
20170330|1.999692211830778e-05|3.184702311372445e-05
20170331|2.08120098218389e-05|3.211168145705494e-05
20170403|2.1148690385368006e-05|3.052207391231518e-05
20170404|2.1878036205407937e-05|2.8562338108658853e-05
20170405|2.2078268580429484e-05|2.9841885042636056e-05
20170406|2.2725269684098292e-05|2.9517743730924494e-05
20170407|3.0449453769213298e-05|2.7146216169614826e-05
20170410|3.214790105446371e-05|2.7791795106386596e-05
20170411|3.2573788360959306e-05|3.553291180982491e-05
20170412|3.368977692939709e-05|3.068274211632147e-05
20170413|3.527110977727099e-05|2.7844380115696416e-05
20170414|3.6261746940007686e-05|2.8478123640063744e-05
20170417|3.708771287034353e-05|2.9185706741095953e-05
20170418|3.722731917851817e-05|2.791044020616776e-05
20170419|3.7801297380939785e-05|2.702552177014111e-05
20170420|3.819579205750186e-05|3.1349601322523954e-05
20170421|3.7801265709976306e-05|3.1130103763757605e-05
20170424|3.838004250198721e-05|3.0463501021628407e-05
20170425|3.937568950401535e-05|3.2997009639593895e-05
20170426|4.010372023349681e-05|3.2617260688239715e-05
20170427|4.1816750067797e-05|2.7293361739371545e-05
20170428|4.168275983837766e-05|3.159836078369482e-05
20170502|4.220179138579555e-05|3.365829925525119e-05
20170504|4.195343769646322e-05|3.115266367779192e-05
20170508|4.222068525677856e-05|2.8464515391682254e-05
20170510|4.148197341938136e-05|2.8857109933566453e-05
20170511|3.396595467550073e-05|3.273380478452382e-05
20170512|3.2075348187451324e-05|2.9792962926873867e-05
20170515|3.169985054811798e-05|3.078195792458554e-05
20170516|3.0480905093081892e-05|3.158841306033284e-05
20170517|2.934895478132775e-05|3.1103207964166216e-05
20170518|2.900789278092441e-05|3.32306506735633e-05
20170519|2.8805733027766012e-05|3.1256744419334715e-05
20170522|2.865156113259798e-05|3.0174861094803165e-05
20170523|2.819596797441923e-05|2.877659956559824e-05
20170524|2.822882302048446e-05|2.975369884551764e-05
20170525|2.8531393084925458e-05|3.0377183923201306e-05
20170526|2.8130942391407972e-05|3.1355394179606396e-05
20170529|2.743552366439047e-05|3.1349720167018726e-05
20170530|2.6714796028297137e-05|3.0429680620990618e-05
20170531|2.5067087499783954e-05|3.0951952613524246e-05
20170601|2.4263198407953544e-05|3.0672744704149225e-05
20170602|2.3032376174587227e-05|3.3740487626429075e-05
20170605|2.265312513369781e-05|3.163744277649273e-05
20170607|2.28999411124477e-05|3.248414099421793e-05
20170608|2.285938299610131e-05|3.447085027464411e-05
20170609|2.2354352729205043e-05|3.507846560371055e-05
20170612|2.217291412479474e-05|3.113959824070169e-05
20170613|2.1981998105082967e-05|2.9354594875251405e-05
20170614|2.1882366164940415e-05|3.463533353932036e-05
20170615|2.17152028716622e-05|3.1780891677943814e-05
20170616|2.1887222409886138e-05|2.93351996165278e-05
20170619|2.127582059888554e-05|2.9473389222747515e-05
20170620|2.1009041540380868e-05|3.1198721768513516e-05
20170621|2.053866109698638e-05|3.083574386609338e-05
20170622|1.988260251034021e-05|3.3899860524026285e-05
20170623|1.9357271238344466e-05|3.069938716585021e-05
20170626|1.903033686831993e-05|2.8892580008650484e-05
20170627|1.866490202592412e-05|3.029511660154601e-05
20170628|1.8603977258980328e-05|2.934263802980874e-05
20170629|1.9407836314008882e-05|2.777857963059385e-05
20170630|2.008239609941044e-05|2.9783329189036076e-05
20170703|2.1483880900186096e-05|2.9392688927163787e-05
20170704|2.2421657244645292e-05|3.084191916231146e-05
20170705|2.296515989754948e-05|3.466018797557379e-05
20170706|2.3047577136427775e-05|3.302030348758099e-05
20170707|2.641540947209206e-05|3.114582700983669e-05
20170710|2.7865237408357582e-05|3.0162823276227698e-05
20170711|2.846162703825965e-05|3.206975645923208e-05
20170712|3.0252637054224637e-05|3.2920113810231296e-05
20170713|3.0975103128069216e-05|2.8138096756385795e-05
20170714|3.1966175992177346e-05|3.1215426272058286e-05
20170717|3.53367848853282e-05|2.655090600537256e-05
20170718|3.645271892863421e-05|2.9918446811802303e-05
20170719|3.70355014144013e-05|2.813001757016246e-05
20170720|3.7011021642908496e-05|2.818304812637089e-05
20170721|3.758296186465104e-05|2.8608554550183847e-05
20170724|3.755603311793384e-05|2.770639334617709e-05
20170725|3.80162878406341e-05|2.651671195543621e-05
20170726|3.800008421833739e-05|2.9283561447793744e-05
20170727|3.7236169735456675e-05|3.33172990132744e-05
20170728|3.725863329750357e-05|3.438831405122364e-05
20170731|3.612105039934976e-05|3.373274656368196e-05
20170801|3.6605012693049376e-05|3.283575636645368e-05
20170802|3.5301493551385165e-05|3.3703648944114956e-05
20170803|3.5273709931559495e-05|3.188013672136928e-05
20170804|3.223822912143491e-05|3.0760393152685893e-05
20170807|3.234847696845474e-05|2.8341738628828984e-05
20170808|3.202138099992384e-05|2.6090427799996378e-05
20170809|3.0342538306634865e-05|2.8665708906618873e-05
20170810|2.9705454988049875e-05|2.7882007278263744e-05
20170811|2.78235019475163e-05|3.740563630716802e-05
20170814|2.4878766793708713e-05|3.294764151602356e-05
20170816|2.3921542134095944e-05|2.8323734714434592e-05
20170817|2.4136466396769516e-05|2.5738373030862676e-05
20170818|2.4650309885661212e-05|2.853425418850722e-05
20170821|2.471310401743233e-05|2.9593293216700377e-05
20170822|2.486268369618884e-05|2.6535267451255854e-05
20170823|2.4842348494493368e-05|2.7860115896629852e-05
20170824|2.6057351808245813e-05|2.9209387540515718e-05
20170825|2.6524700172343148e-05|2.8105218278021732e-05
20170828|2.70793621472194e-05|2.905611272417729e-05
20170829|2.700634413356837e-05|2.7755257890669673e-05
20170830|2.6377490736194944e-05|2.7936279221027703e-05
20170831|2.716268167647804e-05|3.0849158839105425e-05
20170901|2.7923213078479316e-05|3.097167768562592e-05
20170904|2.7954465266808093e-05|2.9801722011535376e-05
20170905|2.674922476974808e-05|3.1488316279216746e-05
20170906|2.659762067691708e-05|2.9819804959498478e-05
20170907|2.7059042452317696e-05|3.117644863133372e-05
20170908|2.7358987335434376e-05|2.9640477929745154e-05
20170911|2.7967916481207794e-05|3.0255438965740185e-05
20170912|2.8052053697509535e-05|3.177299991349769e-05
20170913|2.8549429799084734e-05|2.930064697814507e-05
20170914|2.8722430260715494e-05|2.939842797829579e-05
20170915|2.8445037309394485e-05|3.033049364877207e-05
20170918|2.8662045131563984e-05|3.53545187735466e-05
20170919|2.8651994544497542e-05|3.469212076473401e-05
20170920|2.9089305432836357e-05|3.636529421821795e-05
20170921|2.841588830820925e-05|3.5064796747001466e-05
20170922|2.8518358868886136e-05|3.4781571243834493e-05
20170925|2.7521375795888023e-05|3.452701900780402e-05
20170926|2.7757513668815313e-05|3.3161232248806365e-05
20170927|2.7664859021751926e-05|3.0149486166826414e-05
20170928|2.7654641384139027e-05|3.0438670119239388e-05
20170929|2.76088071810209e-05|2.881553648770146e-05
20171010|2.852058926551326e-05|2.5351062673521546e-05
20171011|2.9989293915003304e-05|2.7488333232347435e-05
20171012|3.081878093251391e-05|2.9630088457895952e-05
20171013|3.144882015637886e-05|2.8827997670531194e-05
20171016|3.1810033889339985e-05|3.058508111588818e-05
20171017|3.1978149091582604e-05|2.9201239567118232e-05
20171018|3.2156248749185314e-05|2.853716953736627e-05
20171019|3.276552293020498e-05|2.8020667240198497e-05
20171020|3.225159005448437e-05|2.798734510002223e-05
20171023|3.314400454060366e-05|3.2709694848197414e-05
20171024|3.317393952851903e-05|2.8366816346470507e-05
20171025|3.367734566588189e-05|2.730964713692912e-05
20171026|3.338918717179194e-05|3.3380749449608196e-05
20171027|3.290323764230045e-05|3.2583521871782404e-05
20171030|3.2313331716677734e-05|3.0263316225340345e-05
20171031|3.355895050900278e-05|2.7027154103553483e-05
20171101|3.483564779676625e-05|2.5605616696660477e-05
20171102|3.475619176111876e-05|2.769080756519041e-05
20171103|3.626241123802799e-05|2.629508709568559e-05
20171106|3.667684847656662e-05|3.534876002510262e-05
20171107|3.7232200880680646e-05|3.676456621103245e-05
20171108|3.630937112380465e-05|3.290775388195568e-05
20171109|3.639012244380695e-05|2.9516117139600662e-05
20171110|3.690980120647113e-05|2.9783375859277017e-05
20171113|3.6836809239463184e-05|3.096685376275644e-05
20171114|3.695162557471738e-05|2.83963566107419e-05
20171115|3.6757247693233905e-05|2.9874699222700403e-05
20171116|3.640753239433559e-05|3.3219290674442024e-05
20171117|4.281763578613563e-05|3.36209399409697e-05
20171120|4.231878495034245e-05|2.9492356995850933e-05
20171121|4.2064782054141155e-05|2.9787969130476252e-05
20171122|4.2217493743289e-05|3.2173133272263795e-05
20171123|4.21138587007034e-05|3.3016167173653606e-05
20171124|4.379964097812342e-05|3.3172130525544224e-05
20171127|4.4637768275743526e-05|2.8973190358704838e-05
20171128|4.4269302815983835e-05|3.231744232124605e-05
20171129|4.3656303978993225e-05|3.322006480769522e-05
20171130|4.354162594555334e-05|3.194232820942189e-05
20171201|4.182068475682988e-05|3.2559562848823116e-05
20171204|4.121732807253005e-05|3.6805746130693773e-05
20171205|4.073301162772986e-05|3.8239173317829426e-05
20171206|4.0075284902570284e-05|3.7142914829940146e-05
20171207|4.0363041424247516e-05|3.6993410702797234e-05
20171208|3.9814580461152657e-05|3.580504569791781e-05
20171211|4.0319445842073775e-05|3.62578178804434e-05
20171212|4.159748831901827e-05|3.217266938772747e-05
20171213|4.27626181567756e-05|2.84607590182181e-05
20171214|4.3100845619779275e-05|3.0147161142583704e-05
20171215|3.6959562190728625e-05|3.1109075393960995e-05
20171218|3.69615843506718e-05|3.943095359411898e-05
20171219|3.765026397716432e-05|3.701376765848807e-05
20171220|3.740722264805501e-05|3.8646507902223286e-05
20171221|3.8838947139333186e-05|3.537172603222346e-05
20171222|3.792321087179712e-05|3.90119470726205e-05
20171226|3.788806567612629e-05|3.511744727849462e-05
20171227|3.7153084467342166e-05|3.552096009086029e-05
20171228|3.634135542715941e-05|3.574384512143871e-05
20180102|3.61001647384995e-05|3.507620240118527e-05
20180103|3.6444149327435866e-05|3.8251685546597995e-05
20180104|3.9962345353828815e-05|4.050036554529795e-05
20180105|4.0185661819473135e-05|3.9339704710192264e-05
20180108|4.158116654756443e-05|3.9755745528900335e-05
20180109|4.408387289892087e-05|4.1228954516509004e-05
20180110|5.1725805159007775e-05|4.2787368377657373e-05
20180111|5.568624264743374e-05|3.82580253863689e-05
20180112|6.425461782623681e-05|4.2491897506659714e-05
20180115|6.784110970955455e-05|4.4603398382054e-05
20180116|6.890023161138205e-05|4.095701575010175e-05
20180117|7.135452803114578e-05|4.4548622646802676e-05
20180118|7.234116662440818e-05|3.8671470984135674e-05
20180119|7.376813911526942e-05|3.7001072695757786e-05
20180122|7.469660157537859e-05|3.52475000159223e-05
20180123|7.557853454593883e-05|3.7104366779348574e-05
20180124|7.639878095914201e-05|3.8545351275187626e-05
20180125|7.661492214518249e-05|3.5599108634613846e-05
20180126|7.690924088106202e-05|3.8012508462791925e-05
20180129|7.797918008502054e-05|3.7444907160560554e-05
20180130|7.96364369302519e-05|3.38917733168651e-05
20180131|8.079601567061292e-05|3.193850814996136e-05
20180201|7.896777627275214e-05|4.129072890329658e-05
20180202|7.857745746325441e-05|3.843310095784257e-05
20180205|7.958558436202165e-05|3.6645022690143e-05
20180206|7.815867519403865e-05|4.148885545402712e-05
20180207|7.234625152417097e-05|6.508196559626623e-05
20180208|6.839094073314572e-05|5.162678679088273e-05
20180209|5.85011372010919e-05|6.897927026840545e-05
20180212|5.4217416277862014e-05|5.4422531064253406e-05
20180213|5.298863692798151e-05|6.25761760728542e-05
20180214|5.1436690239247764e-05|5.8314473394496615e-05
20180219|5.130676980561624e-05|5.281136188748598e-05
20180220|4.988128932175387e-05|5.43671862843774e-05
20180221|4.8856452454549156e-05|5.1685579439334585e-05
20180222|4.763271895261558e-05|5.475265113937549e-05
20180223|4.8606709159972236e-05|5.272218835655093e-05
20180226|5.092175403092179e-05|4.3812559199526826e-05
20180227|5.136939951615047e-05|3.838398412887343e-05
20180228|5.2356127141276936e-05|3.821041752225952e-05
20180302|5.1870693643132715e-05|4.233903440649218e-05
20180305|5.0994640958827667e-05|5.0074878673205216e-05
20180306|4.9302218707153e-05|4.549027662631349e-05
20180307|4.9762237379857025e-05|4.350908190058181e-05
20180308|4.844211896835948e-05|5.621436778623933e-05
20180309|4.748364315351313e-05|5.31710154403074e-05
20180312|4.6583449054307876e-05|5.7394466553936604e-05
20180313|4.637372745655643e-05|4.963047009094877e-05
20180314|4.76216794923997e-05|4.877642058261655e-05
20180315|4.784276574073928e-05|4.490858163673316e-05
20180316|4.7891765339864034e-05|3.8837558141207515e-05
20180319|4.708701279632841e-05|3.860211865572372e-05
20180320|4.555264226500291e-05|3.878573070530284e-05
20180321|4.490495196272923e-05|3.584884824956808e-05
20180322|4.494995320732196e-05|3.6553826466460936e-05
20180323|4.3592664251681544e-05|4.6252615297521054e-05
20180326|4.137247582067433e-05|5.6951789766240155e-05
20180327|3.967908152060195e-05|4.6544088174047226e-05
20180328|3.987882917622155e-05|4.3767218642439294e-05
20180329|3.842415470704497e-05|5.2148444420963026e-05
20180330|3.818331172972937e-05|3.991210456134963e-05
20180402|3.922767585145448e-05|3.559544101844621e-05
20180403|3.815426740675029e-05|4.454176323056225e-05
20180404|3.6228157606214307e-05|4.7304504832361386e-05
20180405|3.4468108170666e-05|5.303357498367562e-05
20180406|3.6328497382177235e-05|4.7674185901210425e-05
20180409|3.595425638141345e-05|5.1401036180454e-05
20180410|3.7133417026561604e-05|4.7523155608076465e-05
20180411|3.631235249108713e-05|5.261983164324112e-05
20180412|3.577970013292076e-05|4.721430057034873e-05
20180413|3.5038193164093084e-05|4.110420408973253e-05
20180416|3.496231010726717e-05|3.8115923147188626e-05
20180417|3.534351535672874e-05|3.3459610516606114e-05
20180418|3.558241778249057e-05|3.296470268879327e-05
20180419|3.548587354432638e-05|2.9885645924674695e-05
20180420|3.628778254945476e-05|3.288517748992576e-05
20180423|3.710165282725221e-05|3.1459753413635744e-05
20180424|3.635356019859165e-05|4.2064330372683125e-05
20180425|3.600425182396212e-05|5.1905712307386806e-05
20180426|3.5760703536214376e-05|4.488771307591814e-05
20180427|3.533619136619632e-05|4.120070406188673e-05
20180430|3.631744838989742e-05|4.520513482693149e-05
20180502|3.820736853760782e-05|4.0267417898867366e-05
20180503|3.995713094296393e-05|3.967613106985847e-05
20180504|4.130156149205218e-05|4.204277836249265e-05
20180508|3.955958844301034e-05|5.014737738752477e-05
20180509|3.821278370013064e-05|4.9900462773704516e-05
20180510|3.630679798951135e-05|5.326294446574537e-05
20180511|3.604611123897566e-05|4.803077966162425e-05
20180514|3.653374733960325e-05|4.880053211249105e-05
20180515|3.6892951569574166e-05|4.627763246941244e-05
20180516|3.6872690806594676e-05|4.161551599448219e-05
20180517|3.824917141351715e-05|4.432452718220904e-05
20180518|4.0124568680002615e-05|4.1835253271681e-05
20180521|4.199019469690487e-05|4.10535276038808e-05
20180523|4.285076242356597e-05|4.319442715356916e-05
20180524|4.4636646935223285e-05|3.843822709464166e-05
20180525|4.622344333448721e-05|4.270981884153929e-05
20180528|4.824554397465898e-05|4.5586466509451004e-05
20180529|4.935752213247891e-05|4.124260851965499e-05
20180530|5.1224357613996056e-05|5.144900391297507e-05
20180531|5.0880768710616456e-05|5.931126275582689e-05
20180601|5.2038591395040895e-05|4.946960991259129e-05
20180604|5.414617824702421e-05|4.686691398617111e-05
20180605|5.570680143388197e-05|4.425429551611428e-05
20180607|5.730891812856226e-05|4.4775579406139296e-05
20180608|6.09201272816816e-05|4.1262133472080053e-05
20180611|6.30344965324505e-05|3.913613795976805e-05
20180612|6.282481263108334e-05|4.145093469066368e-05
20180614|6.362926862496291e-05|4.0722248445078686e-05
20180615|6.392074036167153e-05|4.113616627687928e-05
20180618|6.46863028010523e-05|3.94888112241834e-05
20180619|6.361031005302947e-05|4.600752582750234e-05
20180620|6.27642236024193e-05|6.342206341799197e-05
20180621|6.159618835767879e-05|4.786080135345796e-05
20180622|6.06132654778442e-05|6.14874961030436e-05
20180625|5.977837007169239e-05|5.610346115328298e-05
20180626|5.9651921890793856e-05|4.476695687109481e-05
20180627|5.773315936407576e-05|4.227588320871361e-05
20180628|5.6952237025315166e-05|4.777964431762421e-05
20180629|5.580758899380263e-05|4.698460607455107e-05
20180702|5.339132143027209e-05|4.1919871216223976e-05
20180703|5.160117677093899e-05|4.586493926788791e-05
20180704|4.88504987746197e-05|5.08079896214788e-05
20180705|4.684895373579857e-05|4.4818580403950274e-05
20180706|4.464091904079619e-05|4.7188277379800724e-05
20180709|4.117982735055112e-05|4.881293935243212e-05
20180710|3.949981791850747e-05|4.165862165331346e-05
20180711|3.9346298491945515e-05|3.6730226883907036e-05
20180712|3.7607694665225924e-05|4.331647171790995e-05
20180713|3.7598705419391264e-05|4.2085335591473096e-05
20180716|3.782747602919492e-05|3.53680267475026e-05
20180717|3.8742685162807705e-05|3.643457412493465e-05
20180718|3.789733968289104e-05|3.725314990920234e-05
20180719|4.003887776123878e-05|3.732729252946176e-05
20180720|3.9247501623515436e-05|4.0385121917177255e-05
20180723|3.80812100337567e-05|3.927397665499762e-05
20180724|3.679715340776864e-05|4.502740490247409e-05
20180725|3.65679962509471e-05|4.057744874359854e-05
20180726|3.553722790140131e-05|4.177651752116725e-05
20180727|3.458383852019615e-05|3.793219782567315e-05
20180730|3.440363441926563e-05|3.338175154696191e-05
20180731|3.4060308231020686e-05|3.376944386567037e-05
20180801|3.3512308370954396e-05|3.3006439359022405e-05
20180802|3.3576586874374874e-05|3.403576257025305e-05
20180803|3.4072517918243654e-05|3.492902334895771e-05
20180806|3.439022249952332e-05|2.9920758529137398e-05
20180807|3.4018374094788335e-05|3.077176868517877e-05
20180808|3.397390570800384e-05|2.8735601449797754e-05
20180809|3.472780536161449e-05|3.108478171232028e-05
20180810|3.517771588022588e-05|2.999254368936084e-05
20180813|3.406642152798126e-05|3.604186014324216e-05
20180814|3.304375049814256e-05|4.3466698159120516e-05
20180816|3.263486575412077e-05|3.252812777405625e-05
20180817|2.976539954893454e-05|4.252313540066126e-05
20180820|3.0352180073838026e-05|3.2919056817203667e-05
20180821|2.9404343741117877e-05|3.0162735554794143e-05
20180822|2.925111332333798e-05|3.268337159461149e-05
20180823|2.8576317447616414e-05|3.305805147463567e-05
20180824|2.9225619654279286e-05|3.409469516982836e-05
20180827|2.9652173735402102e-05|2.9787823419938362e-05
20180828|3.0470983005158817e-05|3.233109552298386e-05
20180829|3.0387042490939097e-05|3.3116132094119625e-05
20180830|3.081539507342142e-05|2.8813570069304296e-05
20180831|3.077791853078324e-05|3.407116563177002e-05
20180903|3.0461042990254703e-05|3.160154579588836e-05
20180904|3.206841192231964e-05|3.363569253458402e-05
20180905|3.539331324971085e-05|3.242418489871068e-05
20180906|3.820577146394746e-05|3.292028226656811e-05
20180907|3.941045813928918e-05|4.0225272811396055e-05
20180910|3.983791795005879e-05|4.415025355086055e-05
20180911|4.129170028095744e-05|3.4192337491245685e-05
20180912|4.34545767953883e-05|3.34183310720672e-05
20180913|4.49159907533042e-05|3.897977985989385e-05
20180914|4.7973614520120245e-05|3.2568151991521396e-05
20180917|5.192555233235039e-05|3.129036358331911e-05
20180918|5.967727479632332e-05|2.90454410030708e-05
20180919|6.764282483076013e-05|3.208401772016079e-05
20180920|7.60295110567186e-05|3.0817686759630284e-05
20180921|8.035734445525503e-05|3.3480066844407116e-05
20180927|8.38300164787099e-05|3.199817698067604e-05
20180928|8.747975207916578e-05|3.559957338142401e-05
20181001|9.023367244075827e-05|3.0877316946017706e-05
20181002|9.397652561757127e-05|3.107648258907961e-05
20181008|9.547673900425268e-05|4.0343893976314955e-05
20181010|9.690334061802622e-05|3.968630606275797e-05
20181012|9.581912946865742e-05|7.707799019361267e-05
20181015|9.562953116514133e-05|4.468746269597253e-05
20181016|9.459289245946442e-05|4.7220617425215025e-05
20181017|9.589261122948677e-05|3.6009082968441105e-05
20181018|9.55769485612654e-05|3.8481373069601395e-05
20181019|9.60878957572015e-05|4.132644624199757e-05
20181022|9.464347778538045e-05|4.9467271475842185e-05
20181023|9.4728416457436e-05|3.816524600449355e-05
20181024|9.21269651048296e-05|7.979935258296224e-05
20181025|8.898775696441217e-05|7.45437454102435e-05
20181026|8.287200291901541e-05|8.906013684340574e-05
20181029|7.517889341261791e-05|0.00010198572979762383
20181031|6.693923768954517e-05|7.251387930317932e-05
20181101|6.332738270241357e-05|6.786761106496494e-05
20181105|6.125008420335888e-05|4.6471507402664585e-05
20181106|5.823462483094609e-05|6.533742321894126e-05
20181107|5.5615804151919934e-05|5.378621086814465e-05
20181108|5.272091354233537e-05|6.159664673064882e-05
20181109|5.17747377747859e-05|5.007374378256091e-05
20181112|5.016171357360894e-05|6.334879740103461e-05
20181113|5.0476496386362084e-05|5.7865354263915345e-05
20181114|4.805395058920892e-05|7.26662465208172e-05
20181115|4.754320958089501e-05|6.622632222642404e-05
20181116|4.5585818616492326e-05|6.303689989630039e-05
20181119|4.515309097819373e-05|6.0235485363487244e-05
20181120|4.332051150967266e-05|6.20962292333972e-05
20181121|4.348570193913776e-05|8.40290741325435e-05
20181122|4.341073304711495e-05|8.15942903296663e-05
20181123|4.373430696255094e-05|6.134300031545715e-05
20181126|4.4247045188027404e-05|6.689776673142597e-05
20181127|4.454126788005195e-05|5.420340418574839e-05
20181128|4.452410208082998e-05|5.1729396558814214e-05
20181129|4.6062714198079495e-05|4.584701640054039e-05
